              age         sex          cp    trestbps        chol         fbs  \
count  303.000000  303.000000  303.000000  303.000000  303.000000  303.000000   
mean    54.438944    0.679868    3.158416  131.689769  246.693069    0.148515   
std      9.038662    0.467299    0.960126   17.599748   51.776918    0.356198   
min     29.000000    0.000000    1.000000   94.000000  126.000000    0.000000   
25%     48.000000    0.000000    3.000000  120.000000  211.000000    0.000000   
50%     56.000000    1.000000    3.000000  130.000000  241.000000    0.000000   
75%     61.000000    1.000000    4.000000  140.000000  275.000000    0.000000   
max     77.000000    1.000000    4.000000  200.000000  564.000000    1.000000   

          restecg     thalach       exang     oldpeak       slope          ca  \
count  303.000000  303.000000  303.000000  303.000000  303.000000  299.000000   
mean     0.990099  149.607261    0.326733    1.039604    1.600660    0.672241   
std      0.994971   22.875003    0.469794    1.161075    0.616226    0.937438   
min      0.000000   71.000000    0.000000    0.000000    1.000000    0.000000   
25%      0.000000  133.500000    0.000000    0.000000    1.000000    0.000000   
50%      1.000000  153.000000    0.000000    0.800000    2.000000    0.000000   
75%      2.000000  166.000000    1.000000    1.600000    2.000000    1.000000   
max      2.000000  202.000000    1.000000    6.200000    3.000000    3.000000   

             thal  
count  301.000000  
mean     4.734219  
std      1.939706  
min      3.000000  
25%      3.000000  
50%      3.000000  
75%      7.000000  
max      7.000000  
age
58    0.062706
57    0.056106
54    0.052805
59    0.046205
52    0.042904
51    0.039604
60    0.039604
62    0.036304
56    0.036304
44    0.036304
41    0.033003
64    0.033003
63    0.029703
67    0.029703
53    0.026403
61    0.026403
43    0.026403
45    0.026403
55    0.026403
65    0.026403
42    0.026403
46    0.023102
66    0.023102
48    0.023102
50    0.023102
49    0.016502
47    0.016502
70    0.013201
39    0.013201
68    0.013201
35    0.013201
40    0.009901
69    0.009901
71    0.009901
37    0.006601
34    0.006601
38    0.006601
29    0.003300
77    0.003300
74    0.003300
76    0.003300
Name: proportion, dtype: float64
age - False
sex
1    0.679868
0    0.320132
Name: proportion, dtype: float64
sex - False
cp
4    0.475248
3    0.283828
2    0.165017
1    0.075908
Name: proportion, dtype: float64
cp - False
trestbps
120    0.122112
130    0.118812
140    0.105611
110    0.062706
150    0.056106
128    0.039604
138    0.039604
125    0.036304
160    0.036304
112    0.029703
132    0.026403
118    0.023102
124    0.019802
135    0.019802
108    0.019802
134    0.016502
145    0.016502
152    0.016502
170    0.013201
100    0.013201
122    0.013201
105    0.009901
115    0.009901
126    0.009901
142    0.009901
180    0.009901
136    0.009901
178    0.006601
144    0.006601
94     0.006601
148    0.006601
146    0.006601
102    0.006601
117    0.003300
172    0.003300
101    0.003300
200    0.003300
104    0.003300
155    0.003300
165    0.003300
174    0.003300
158    0.003300
129    0.003300
192    0.003300
123    0.003300
106    0.003300
156    0.003300
154    0.003300
114    0.003300
164    0.003300
Name: proportion, dtype: float64
trestbps - False
chol
204    0.019802
234    0.019802
197    0.019802
254    0.016502
269    0.016502
212    0.016502
239    0.013201
233    0.013201
177    0.013201
282    0.013201
226    0.013201
243    0.013201
211    0.013201
240    0.013201
219    0.009901
309    0.009901
199    0.009901
283    0.009901
263    0.009901
203    0.009901
256    0.009901
236    0.009901
250    0.009901
229    0.009901
201    0.009901
303    0.009901
244    0.009901
223    0.009901
246    0.009901
220    0.009901
288    0.009901
230    0.009901
245    0.009901
258    0.009901
231    0.009901
249    0.009901
274    0.009901
268    0.006601
266    0.006601
286    0.006601
228    0.006601
218    0.006601
271    0.006601
149    0.006601
275    0.006601
192    0.006601
294    0.006601
206    0.006601
304    0.006601
330    0.006601
232    0.006601
188    0.006601
273    0.006601
216    0.006601
213    0.006601
305    0.006601
265    0.006601
260    0.006601
255    0.006601
235    0.006601
222    0.006601
248    0.006601
308    0.006601
267    0.006601
253    0.006601
325    0.006601
208    0.006601
270    0.006601
264    0.006601
214    0.006601
315    0.006601
277    0.006601
227    0.006601
205    0.006601
289    0.006601
299    0.006601
207    0.006601
221    0.006601
298    0.006601
318    0.006601
209    0.006601
261    0.006601
302    0.006601
225    0.006601
175    0.006601
198    0.006601
247    0.006601
335    0.006601
295    0.006601
193    0.006601
196    0.006601
354    0.003300
224    0.003300
284    0.003300
168    0.003300
307    0.003300
341    0.003300
186    0.003300
321    0.003300
167    0.003300
172    0.003300
290    0.003300
417    0.003300
185    0.003300
276    0.003300
353    0.003300
340    0.003300
182    0.003300
252    0.003300
141    0.003300
164    0.003300
257    0.003300
360    0.003300
326    0.003300
300    0.003300
281    0.003300
217    0.003300
174    0.003300
183    0.003300
407    0.003300
409    0.003300
184    0.003300
160    0.003300
394    0.003300
322    0.003300
564    0.003300
293    0.003300
126    0.003300
215    0.003300
262    0.003300
200    0.003300
259    0.003300
313    0.003300
210    0.003300
327    0.003300
195    0.003300
306    0.003300
178    0.003300
237    0.003300
242    0.003300
319    0.003300
166    0.003300
180    0.003300
311    0.003300
278    0.003300
342    0.003300
169    0.003300
187    0.003300
157    0.003300
176    0.003300
241    0.003300
131    0.003300
Name: proportion, dtype: float64
chol - False
fbs
0    0.851485
1    0.148515
Name: proportion, dtype: float64
fbs - False
restecg
0    0.498350
2    0.488449
1    0.013201
Name: proportion, dtype: float64
restecg - False
thalach
162    0.036304
163    0.029703
160    0.029703
152    0.026403
172    0.023102
173    0.023102
132    0.023102
144    0.023102
143    0.023102
125    0.023102
150    0.023102
140    0.019802
142    0.019802
169    0.019802
156    0.019802
158    0.019802
161    0.019802
179    0.016502
168    0.016502
170    0.016502
165    0.016502
178    0.016502
174    0.016502
147    0.016502
154    0.016502
182    0.016502
157    0.016502
126    0.013201
122    0.013201
155    0.013201
145    0.013201
159    0.013201
146    0.013201
131    0.013201
130    0.013201
151    0.013201
171    0.013201
175    0.009901
138    0.009901
148    0.009901
120    0.009901
153    0.009901
114    0.009901
105    0.009901
111    0.009901
115    0.009901
141    0.009901
166    0.009901
164    0.006601
139    0.006601
108    0.006601
96     0.006601
136    0.006601
149    0.006601
180    0.006601
186    0.006601
112    0.006601
123    0.006601
109    0.006601
181    0.006601
103    0.006601
116    0.006601
133    0.006601
129    0.003300
187    0.003300
99     0.003300
188    0.003300
185    0.003300
177    0.003300
113    0.003300
137    0.003300
128    0.003300
202    0.003300
97     0.003300
127    0.003300
124    0.003300
184    0.003300
190    0.003300
88     0.003300
106    0.003300
167    0.003300
194    0.003300
195    0.003300
192    0.003300
95     0.003300
121    0.003300
117    0.003300
71     0.003300
118    0.003300
134    0.003300
90     0.003300
Name: proportion, dtype: float64
thalach - False
exang
0    0.673267
1    0.326733
Name: proportion, dtype: float64
exang - False
oldpeak
0.0    0.326733
1.2    0.056106
0.6    0.046205
1.0    0.046205
0.8    0.042904
1.4    0.042904
0.2    0.039604
1.6    0.036304
1.8    0.033003
0.4    0.029703
2.0    0.029703
0.1    0.023102
2.6    0.019802
2.8    0.019802
3.0    0.016502
1.5    0.016502
1.9    0.016502
0.5    0.016502
3.6    0.013201
2.2    0.013201
0.9    0.009901
0.3    0.009901
4.0    0.009901
2.4    0.009901
3.4    0.009901
2.3    0.006601
1.1    0.006601
3.2    0.006601
2.5    0.006601
4.2    0.006601
3.5    0.003300
3.1    0.003300
1.3    0.003300
2.9    0.003300
5.6    0.003300
6.2    0.003300
2.1    0.003300
3.8    0.003300
0.7    0.003300
4.4    0.003300
Name: proportion, dtype: float64
oldpeak - False
slope
1    0.468647
2    0.462046
3    0.069307
Name: proportion, dtype: float64
slope - False
ca
0.0    0.588629
1.0    0.217391
2.0    0.127090
3.0    0.066890
Name: proportion, dtype: float64
ca - False
thal
3.0    0.551495
7.0    0.388704
6.0    0.059801
Name: proportion, dtype: float64
thal - False
